4 172362 156614
11 335655 320060
14 204898 195874
18 262148 248647
21 128144 127827
23 150850 142103
29 512664 476394
41 625147 506831
22 98254 83358
44 64922 46730
50 480129 416510
33 465643 456607
7 457515 465967
35 403089 393745
38 447994 450493
39 236959 230119
5 83091 59595
9 147882 130919
24 323032 257182
34 162732 156388
37 121354 109787
40 46353 42795
42 40095 35218
47 233540 201546
49 62052 54934
2 136138 121869
13 180923 177077
16 43143 39291
19 72905 73437
45 226914 189539
8 2929912 3128993
17 281682 303105
25 190963 172803
43 419113 395191
3 642332 553286
12 161846 143362
46 816696 725338
6 288151 245311
10 180889 130780
15 518738 457598
27 138170 126247
32 161645 150175
36 372883 368587
28 2489582 2421863
30 566593 556991
31 280690 259631
1 179450 132644
48 487119 414427
20 475118 410039
26 138426 144161
51 16339 19113
52 19168 25959
